31
28
05 01 01 01 01 01 01 01 01 01 01 01 01 00 00 01 01 01 01 01 01 01 01 01 01 01 01 06
02 51 51 51 51 51 51 51 51 51 51 51 51 00 00 51 51 51 51 51 51 51 51 51 51 51 51 03
02 51 00 00 00 00 51 00 00 00 00 00 51 00 00 51 00 00 00 00 00 51 00 00 00 00 51 03
02 52 00 00 00 00 51 00 00 00 00 00 51 00 00 51 00 00 00 00 00 51 00 00 00 00 52 03
02 51 00 00 00 00 51 00 00 00 00 00 51 00 00 51 00 00 00 00 00 51 00 00 00 00 51 03
02 51 51 51 51 51 51 51 51 51 51 51 51 51 51 51 51 51 51 51 51 51 51 51 51 51 51 03
02 51 00 00 00 00 51 00 00 51 00 00 00 00 00 00 00 00 51 00 00 51 00 00 00 00 51 03
02 51 00 00 00 00 51 00 00 51 00 00 00 00 00 00 00 00 51 00 00 51 00 00 00 00 51 03
02 51 51 51 51 51 51 00 00 51 51 51 51 00 00 51 51 51 51 00 00 51 51 51 51 51 51 03
07 04 04 04 04 11 51 00 00 00 00 00 50 00 00 50 00 00 00 00 00 51 10 04 04 04 04 08
00 00 00 00 00 02 51 00 00 00 00 00 50 00 00 50 00 00 00 00 00 51 03 00 00 00 00 00
00 00 00 00 00 02 51 00 00 50 50 50 50 50 50 50 50 50 50 00 00 51 03 00 00 00 00 00
00 00 00 00 00 02 51 00 00 50 00 00 00 00 00 00 00 00 50 00 00 51 03 00 00 00 00 00
01 01 01 01 01 13 51 00 00 50 00 00 00 00 00 00 00 00 50 00 00 51 12 01 01 01 01 01
50 50 50 50 50 50 51 50 50 50 00 00 00 00 00 00 00 00 50 50 50 51 50 50 50 50 50 50
04 04 04 04 04 11 51 00 00 50 00 00 00 00 00 00 00 00 50 00 00 51 10 04 04 04 04 04
00 00 00 00 00 02 51 00 00 50 00 00 00 00 00 00 00 00 50 00 00 51 03 00 00 00 00 00
00 00 00 00 00 02 51 00 00 50 50 50 50 50 50 50 50 50 50 00 00 51 03 00 00 00 00 00
00 00 00 00 00 02 51 00 00 50 00 00 00 00 00 00 00 00 50 00 00 51 03 00 00 00 00 00
05 01 01 01 01 13 51 00 00 50 00 00 00 00 00 00 00 00 50 00 00 51 12 01 01 01 01 06
02 51 51 51 51 51 51 51 51 51 51 51 51 00 00 51 51 51 51 51 51 51 51 51 51 51 51 03
02 51 00 00 00 00 51 00 00 00 00 00 51 00 00 51 00 00 00 00 00 51 00 00 00 00 51 03
02 51 00 00 00 00 51 00 00 00 00 00 51 00 00 51 00 00 00 00 00 51 00 00 00 00 51 03
02 52 51 51 00 00 51 51 51 51 51 51 51 50 50 51 51 51 51 51 51 51 00 00 51 51 52 03
00 00 00 51 00 00 51 00 00 51 00 00 00 00 00 00 00 00 51 00 00 51 00 00 51 00 00 00
00 00 00 51 00 00 51 00 00 51 00 00 00 00 00 00 00 00 51 00 00 51 00 00 51 00 00 00
02 51 51 51 51 51 51 00 00 51 51 51 51 00 00 51 51 51 51 00 00 51 51 51 51 51 51 03
02 51 00 00 00 00 00 00 00 00 00 00 51 00 00 51 00 00 00 00 00 00 00 00 00 00 51 03
02 51 00 00 00 00 00 00 00 00 00 00 51 00 00 51 00 00 00 00 00 00 00 00 00 00 51 03
02 51 51 51 51 51 51 51 51 51 51 51 51 51 51 51 51 51 51 51 51 51 51 51 51 51 51 03
07 04 04 04 04 04 04 04 04 04 04 04 04 04 04 04 04 04 04 04 04 04 04 04 04 04 04 08
